Unnamed: 0,Athlete,Year,Mark,Conv,Meet,Meet Date,Wind
,"Saldanha, John Michael",FR-1,11.81m,"38' 9""",Midwest Conference Indoor Track & Field Championships,"Feb 24, 2023",NWI
,"Saldanha, John Michael",FR-1,11.75m,"38' 6.75""",Midwest Conference Indoor Track & Field Championships,"Feb 24, 2023",NWI
,"Saldanha, John Michael",FR-1,11.47m,"37' 7.75""",Grinnell Invitational,"Jan 28, 2023",NWI
,"Saldanha, John Michael",FR-1,11.40m,"37' 5""",Hilltop Invitational,"Jan 21, 2023",NWI
,"Saldanha, John Michael",FR-1,11.29m,"37' 0.5""",Grinnell Invitational,"Jan 28, 2023",NWI
,"Saldanha, John Michael",FR-1,11.28m,"37' 0.25""",Grinnell Invitational,"Jan 28, 2023",NWI
,"Saldanha, John Michael",FR-1,11.20m,"36' 9""",Grinnell Invitational,"Jan 28, 2023",NWI
,"Saldanha, John Michael",FR-1,11.16m,"36' 7.5""",Hilltop Invitational,"Jan 21, 2023",NWI
,"Saldanha, John Michael",FR-1,11.13m,"36' 6.25""",Hilltop Invitational,"Jan 21, 2023",NWI
,"Saldanha, John Michael",FR-1,11.03m,"36' 2.25""",Grinnell Invitational,"Jan 28, 2023",NWI
